401 366976 16384
801 387332 16384
1201 739000 32768
1601 766632 32768
1 809344 32768
402 387400 16384
802 385548 16384
2 373404 16384
403 385240 16384
803 378252 16384
1202 630080 32768
1602 810352 32768
3 290124 16384
404 387276 16384
804 625952 32768
4 386140 16384
1203 723400 32768
405 382492 16384
1603 743428 32768
5 381336 16384
805 698348 32768
1204 620648 32768
1604 629292 32768
406 810328 32768
1205 174540 8192
6 742764 32768
1605 387152 16384
1206 381812 16384
806 795640 32768
407 629428 32768
7 630216 32768
1606 806100 32768
1207 742632 32768
807 795676 32768
8 385004 16384
408 819052 32768
1607 366400 16384
1208 615928 32768
1608 281764 16384
808 738576 32768
9 713904 32768
409 626336 32768
1609 361168 16384
1209 629768 32768
410 386448 16384
809 629428 32768
10 585612 32768
1210 374112 16384
810 290480 16384
1610 626380 32768
11 322692 16384
411 626424 32768
1611 386104 16384
12 532688 32768
412 387368 16384
1211 809268 32768
811 753560 32768
1612 387376 16384
13 386944 16384
1212 367168 16384
812 387168 16384
1613 378452 16384
413 738304 32768
813 177452 8192
14 378324 16384
1614 289568 16384
1213 629848 32768
814 383060 16384
414 585128 32768
15 610404 32768
1214 387196 16384
1615 532320 32768
16 383308 16384
815 766112 32768
415 807252 32768
1616 581124 32768
816 177264 8192
1215 795712 32768
416 378432 16384
17 733352 32768
1216 385652 16384
817 630136 32768
1617 774184 32768
18 387284 16384
19 177020 8192
417 795356 32768
1217 818908 32768
818 817296 32768
1618 786804 32768
418 343084 16384
20 372516 16384
21 177272 8192
1218 386508 16384
819 387116 16384
419 378172 16384
1619 606572 32768
22 387208 16384
1219 386084 16384
820 382320 16384
1620 123172 8192
420 741532 32768
1220 386224 16384
821 376488 16384
23 699104 32768
1621 628888 32768
421 380472 16384
1221 387192 16384
822 377296 16384
1622 177268 8192
422 286384 16384
24 740072 32768
1623 630024 32768
1222 721972 32768
823 811392 32768
25 386808 16384
423 805284 32768
1223 377864 16384
824 385360 16384
424 177212 8192
1624 807192 32768
26 626096 32768
1224 387364 16384
825 377248 16384
425 382216 16384
1625 382840 16384
27 290540 16384
1225 387216 16384
426 374376 16384
1626 387256 16384
28 386528 16384
826 722944 32768
1226 290468 16384
1627 176636 8192
827 177132 8192
1227 374848 16384
427 743476 32768
1628 387416 16384
29 814496 32768
1228 341248 16384
828 628496 32768
428 630312 32768
1629 619120 32768
829 565444 32768
30 794700 32768
1229 765300 32768
429 708412 32768
1230 342296 16384
1630 812208 32768
830 615232 32768
31 734384 32768
831 377892 16384
1231 629432 32768
430 774044 32768
32 383512 16384
1631 790032 32768
832 808208 32768
33 629300 32768
1232 739132 32768
431 811820 32768
1632 810124 32768
833 378236 16384
34 386200 16384
432 387196 16384
1233 741844 32768
35 290564 16384
1633 629496 32768
834 781912 32768
433 793924 32768
36 733988 32768
1234 806264 32768
1634 620260 32768
434 384748 16384
1235 290684 16384
835 793868 32768
836 173628 8192
435 367148 16384
37 806200 32768
1635 818176 32768
436 387048 16384
1236 815852 32768
837 630128 32768
38 742264 32768
1636 743356 32768
437 818512 32768
838 608200 32768
1237 791116 32768
39 363328 16384
1637 380944 16384
40 630040 32768
839 766376 32768
1238 742336 32768
438 815628 32768
1638 769948 32768
1639 332204 16384
41 629148 32768
1239 629000 32768
439 773896 32768
840 809916 32768
42 387312 16384
440 387072 16384
841 384752 16384
1640 810952 32768
1240 795460 32768
441 285432 16384
842 387132 16384
1641 387200 16384
43 743044 32768
442 385552 16384
843 387192 16384
44 386052 16384
1241 808576 32768
1642 795536 32768
443 387000 16384
1242 385008 16384
844 627880 32768
45 629028 32768
1243 173276 8192
1643 387188 16384
845 342276 16384
444 741640 32768
46 342772 16384
445 387332 16384
1244 806724 32768
1644 770916 32768
846 620740 32768
47 743336 32768
1245 387084 16384
1645 387356 16384
446 815184 32768
847 609220 32768
1646 387372 16384
48 629964 32768
1246 805844 32768
49 334028 16384
447 627896 32768
848 808664 32768
1647 734136 32768
50 386872 16384
448 531452 32768
1247 810392 32768
849 629860 32768
51 386296 16384
1648 739524 32768
449 697988 32768
1248 805180 32768
1649 378064 16384
850 727884 32768
52 794984 32768
450 630152 32768
1249 793876 32768
1650 795612 32768
53 584656 32768
851 769572 32768
451 386252 16384
852 386612 16384
452 387268 16384
1250 807588 32768
1651 810264 32768
54 742700 32768
853 366460 16384
55 387000 16384
453 767276 32768
1251 628156 32768
1652 629948 32768
56 387184 16384
854 811096 32768
454 387004 16384
1653 533440 32768
1252 805992 32768
855 387132 16384
455 387328 16384
57 743336 32768
856 281396 16384
1654 813212 32768
58 366308 16384
1253 722384 32768
857 387412 16384
456 741688 32768
59 382060 16384
1254 387228 16384
1655 808488 32768
858 628988 32768
457 765772 32768
1255 387128 16384
60 626252 32768
1656 629512 32768
1256 386356 16384
859 811788 32768
458 813252 32768
61 743044 32768
1657 794248 32768
459 387272 16384
1257 786860 32768
62 380748 16384
860 743088 32768
1658 387308 16384
63 384408 16384
861 376452 16384
460 714176 32768
1258 697440 32768
862 381252 16384
1659 743148 32768
64 737668 32768
1259 734460 32768
461 738832 32768
863 378304 16384
1660 386420 16384
1260 342224 16384
65 626448 32768
864 629472 32768
462 743296 32768
1661 629164 32768
865 177092 8192
66 386692 16384
1261 629732 32768
1662 376352 16384
1262 383168 16384
463 811488 32768
866 596792 32768
67 812212 32768
1263 383652 16384
1663 733644 32768
867 378476 16384
464 771800 32768
68 630288 32768
1664 384500 16384
1264 629176 32768
465 289848 16384
868 629932 32768
69 338184 16384
70 244532 16384
1665 807004 32768
1265 795924 32768
466 789284 32768
869 810096 32768
71 819504 32768
1666 743132 32768
467 629416 32768
1266 786648 32768
870 809684 32768
72 377544 16384
1667 342048 16384
468 387144 16384
871 383088 16384
1668 342784 16384
73 385724 16384
1267 742216 32768
469 386340 16384
872 387412 16384
74 386008 16384
1268 386480 16384
1669 630164 32768
873 387252 16384
75 378524 16384
470 742968 32768
1269 387196 16384
1670 629940 32768
874 733524 32768
471 743392 32768
1270 698492 32768
76 809504 32768
1671 383124 16384
875 386868 16384
876 8152 512
1672 380708 16384
472 628712 32768
877 377672 16384
1271 743324 32768
77 810392 32768
1673 386484 16384
1272 289744 16384
473 629176 32768
1674 386956 16384
78 698780 32768
878 795604 32768
1273 742960 32768
474 628728 32768
1675 630148 32768
79 813072 32768
879 807020 32768
1274 742332 32768
1676 627940 32768
475 813484 32768
80 385644 16384
1677 176492 8192
880 627460 32768
1275 626152 32768
476 628376 32768
881 383596 16384
81 742640 32768
1678 771976 32768
82 383168 16384
1276 811136 32768
477 795532 32768
882 743056 32768
83 385944 16384
1277 386676 16384
1679 795644 32768
883 630012 32768
1680 378444 16384
478 794428 32768
1278 383456 16384
84 742568 32768
884 629816 32768
1279 610252 32768
1681 629912 32768
85 387272 16384
479 718264 32768
1682 342444 16384
86 387064 16384
885 742848 32768
1280 620380 32768
480 809192 32768
481 177268 8192
1683 743204 32768
87 817956 32768
886 625188 32768
1281 819532 32768
88 123660 8192
1684 384840 16384
482 489084 32768
887 378232 16384
89 378256 16384
1282 810872 32768
483 741480 32768
888 628528 32768
1685 807156 32768
90 734216 32768
1283 630320 32768
1686 723048 32768
484 795804 32768
889 794000 32768
91 626000 32768
485 378452 16384
1284 807168 32768
1687 533124 32768
92 378264 16384
890 628336 32768
486 381704 16384
1688 387144 16384
1285 809968 32768
487 376536 16384
891 629048 32768
93 742428 32768
1689 730336 32768
892 383112 16384
94 387148 16384
1286 743136 32768
488 733000 32768
1690 585564 32768
95 610132 32768
893 795856 32768
1287 629968 32768
489 742652 32768
1691 742944 32768
96 628868 32768
894 812060 32768
1288 806576 32768
1692 367176 16384
490 806476 32768
97 629792 32768
895 626112 32768
491 386952 16384
1289 585684 32768
1693 697244 32768
98 583580 32768
896 378744 16384
1290 386272 16384
1694 380808 16384
99 387268 16384
492 806980 32768
897 383296 16384
1291 377460 16384
1695 386488 16384
100 385748 16384
898 378344 16384
1292 367308 16384
1696 387108 16384
493 816060 32768
101 387136 16384
899 387208 16384
494 169024 8192
1697 367188 16384
1293 628008 32768
1698 168252 8192
102 741300 32768
1294 371960 16384
900 817304 32768
495 808640 32768
1699 386292 16384
103 385388 16384
901 382584 16384
1295 532312 32768
496 386372 16384
1700 610192 32768
902 383324 16384
1296 386360 16384
104 795672 32768
497 629700 32768
1701 806676 32768
903 629992 32768
1297 639760 32768
105 795660 32768
498 743180 32768
1702 385416 16384
1298 376604 16384
904 741656 32768
499 377544 16384
1299 342444 16384
106 626052 32768
1703 583084 32768
500 386168 16384
905 629148 32768
107 374132 16384
1300 630092 32768
501 387452 16384
1704 785992 32768
502 385636 16384
906 813212 32768
1301 621432 32768
108 815152 32768
503 144492 8192
1705 810664 32768
1302 367368 16384
907 532912 32768
109 816052 32768
504 791536 32768
1706 806172 32768
1303 786184 32768
908 743372 32768
505 387324 16384
1304 177016 8192
110 811740 32768
1707 383208 16384
909 629484 32768
506 586464 32768
111 387232 16384
1305 620980 32768
1708 740456 32768
1306 387300 16384
910 743228 32768
112 629984 32768
507 818812 32768
1709 387228 16384
1307 382436 16384
113 386340 16384
1710 381816 16384
1308 387392 16384
911 810952 32768
508 742608 32768
114 387252 16384
1309 386572 16384
912 387192 16384
1711 624208 32768
509 630124 32768
115 809524 32768
913 387200 16384
1310 734536 32768
1712 741276 32768
510 808976 32768
116 625196 32768
914 628620 32768
1311 387388 16384
1713 627680 32768
511 817568 32768
1714 384788 16384
117 810648 32768
915 814848 32768
1312 738416 32768
512 386688 16384
916 376984 16384
118 532484 32768
1313 610156 32768
1715 811100 32768
513 378256 16384
917 386340 16384
119 629788 32768
1716 531552 32768
1314 766232 32768
514 630048 32768
120 270308 16384
918 717340 32768
1315 374316 16384
919 177156 8192
515 367076 16384
121 382300 16384
1717 806864 32768
516 176604 8192
920 377964 16384
1316 819152 32768
122 630064 32768
1718 630272 32768
921 630352 32768
517 818684 32768
1719 387168 16384
1317 583940 32768
123 817644 32768
1318 176644 8192
922 585064 32768
518 796000 32768
1319 290380 16384
1720 734384 32768
124 386656 16384
923 373564 16384
1721 385700 16384
125 380628 16384
519 806600 32768
924 609852 32768
1320 808604 32768
126 382260 16384
925 175464 8192
520 289780 16384
1722 626400 32768
1321 581784 32768
127 731076 32768
1723 533312 32768
926 723312 32768
521 762620 32768
1322 620844 32768
128 533248 32768
1724 609128 32768
522 630272 32768
927 807376 32768
1725 342004 16384
1323 806224 32768
928 387272 16384
129 808384 32768
1726 387204 16384
523 773572 32768
1324 810584 32768
929 817864 32768
130 813272 32768
524 742920 32768
1727 806712 32768
930 378272 16384
131 385596 16384
1325 811576 32768
1728 378908 16384
525 626188 32768
931 387184 16384
132 385268 16384
526 289832 16384
932 367304 16384
1326 775136 32768
1729 811244 32768
133 628668 32768
527 383260 16384
933 623916 32768
1327 805504 32768
1730 809836 32768
528 576968 32768
134 698828 32768
135 383200 16384
934 743024 32768
1328 623852 32768
1731 625808 32768
529 810144 32768
1329 290480 16384
136 629300 32768
530 281520 16384
935 619152 32768
1732 629448 32768
936 342088 16384
1330 765408 32768
1733 386768 16384
531 616504 32768
137 717556 32768
937 627440 32768
1331 585180 32768
1734 812184 32768
532 813960 32768
138 742688 32768
938 605192 32768
1332 621400 32768
139 382980 16384
533 609912 32768
1735 809680 32768
1333 387432 16384
534 174736 8192
140 386684 16384
939 817296 32768
535 387272 16384
1736 742404 32768
141 629980 32768
1334 795288 32768
536 376220 16384
940 795852 32768
1737 386832 16384
142 734280 32768
1335 795508 32768
941 605424 32768
537 743408 32768
1738 743436 32768
143 386500 16384
1336 584768 32768
942 623544 32768
538 807012 32768
144 624468 32768
1739 810932 32768
943 290364 16384
1337 808124 32768
145 378484 16384
1740 386516 16384
944 386476 16384
539 765164 32768
146 176532 8192
945 378156 16384
540 382484 16384
147 387108 16384
1338 807088 32768
1741 795328 32768
1339 382604 16384
946 794212 32768
541 764712 32768
1340 173364 8192
1742 629096 32768
148 810580 32768
1341 177328 8192
542 378136 16384
149 374264 16384
947 743112 32768
1342 342788 16384
1743 625852 32768
150 177080 8192
543 383500 16384
948 363196 16384
151 384764 16384
544 386220 16384
1343 623564 32768
1744 694992 32768
949 628980 32768
1344 387004 16384
545 628844 32768
152 808540 32768
1745 626056 32768
1345 382536 16384
153 387400 16384
950 743200 32768
1746 342068 16384
546 630076 32768
154 387288 16384
1346 795632 32768
547 386616 16384
951 743252 32768
1747 795652 32768
1347 628936 32768
155 814716 32768
548 699236 32768
952 806240 32768
1748 810684 32768
156 585636 32768
549 625604 32768
1348 795860 32768
1749 366020 16384
953 723180 32768
157 385884 16384
550 629296 32768
954 387340 16384
1349 742060 32768
1750 794584 32768
158 733460 32768
551 386520 16384
955 722800 32768
1350 740892 32768
552 383624 16384
1751 739460 32768
159 806692 32768
1351 342144 16384
956 386416 16384
553 628152 32768
160 387076 16384
1352 380816 16384
1752 816772 32768
957 795788 32768
161 384504 16384
554 816516 32768
1753 628396 32768
1353 818700 32768
162 376384 16384
958 743244 32768
555 742924 32768
1354 610340 32768
1754 804228 32768
163 627484 32768
959 383344 16384
164 387260 16384
556 532484 32768
1755 626064 32768
960 624900 32768
1355 808444 32768
165 387300 16384
1756 363528 16384
1356 378376 16384
557 812720 32768
961 629036 32768
166 620300 32768
558 377780 16384
1757 792840 32768
1357 789408 32768
962 621628 32768
1758 382804 16384
167 811568 32768
559 629860 32768
1358 385676 16384
963 387384 16384
168 366716 16384
964 383084 16384
1359 584732 32768
1759 736096 32768
560 742976 32768
169 387088 16384
1760 334156 16384
561 381032 16384
965 811148 32768
1360 809952 32768
170 620248 32768
1761 387380 16384
562 386872 16384
1361 386472 16384
966 809420 32768
171 739480 32768
1762 806380 32768
1362 384508 16384
563 629420 32768
1363 177260 8192
967 387364 16384
564 381528 16384
1763 621144 32768
172 742160 32768
1764 176648 8192
968 601120 32768
565 377916 16384
1364 776088 32768
173 386860 16384
566 290224 16384
1765 376704 16384
174 177092 8192
1365 381460 16384
969 806996 32768
175 384704 16384
1766 629548 32768
176 177432 8192
567 795912 32768
1366 629972 32768
970 808012 32768
177 630036 32768
1767 741412 32768
568 810940 32768
1367 805620 32768
971 381548 16384
178 386020 16384
1368 288784 16384
569 385448 16384
972 387212 16384
1768 624320 32768
179 386636 16384
1369 377040 16384
570 378292 16384
1769 383112 16384
973 629052 32768
180 609884 32768
1370 625328 32768
571 629540 32768
1770 699152 32768
181 387256 16384
1371 374064 16384
974 794136 32768
572 585728 32768
1771 383492 16384
182 387452 16384
1772 366052 16384
1372 743032 32768
975 742472 32768
976 80640 4096
183 532416 32768
573 818012 32768
1773 629524 32768
977 381492 16384
1373 627148 32768
184 814620 32768
1774 386324 16384
574 806156 32768
978 628896 32768
1374 625944 32768
1775 386836 16384
575 365224 16384
185 584496 32768
979 373696 16384
1776 282348 16384
1375 623816 32768
186 630196 32768
576 811224 32768
980 815580 32768
1777 812492 32768
1376 622956 32768
187 387336 16384
981 290092 16384
577 794952 32768
1377 387236 16384
1778 627996 32768
188 628880 32768
1378 323252 16384
982 628644 32768
578 743124 32768
1779 629828 32768
189 736836 32768
1379 629952 32768
983 742516 32768
1780 377464 16384
579 815432 32768
984 374424 16384
1380 739556 32768
190 794964 32768
1781 630168 32768
580 794064 32768
985 810152 32768
191 630064 32768
1381 796136 32768
1782 807372 32768
986 387304 16384
192 383200 16384
581 795880 32768
987 288844 16384
1382 629672 32768
582 383332 16384
1783 807732 32768
988 287036 16384
1383 387140 16384
193 805104 32768
1384 387336 16384
583 781488 32768
989 739176 32768
1784 811000 32768
194 626012 32768
1385 628232 32768
990 743128 32768
584 809304 32768
1785 771112 32768
195 811132 32768
991 386784 16384
585 386660 16384
1386 806816 32768
196 366992 16384
1786 630280 32768
992 387244 16384
1387 341376 16384
197 367316 16384
1787 383596 16384
1388 167612 8192
586 806340 32768
993 812524 32768
198 807112 32768
1389 628876 32768
587 629272 32768
1788 812552 32768
1390 386984 16384
588 343084 16384
994 620852 32768
1789 387128 16384
199 610188 32768
995 386792 16384
1790 367588 16384
589 721280 32768
1391 795728 32768
200 807320 32768
996 384128 16384
590 376736 16384
1791 785724 32768
201 386980 16384
997 584732 32768
1392 810796 32768
1792 387192 16384
998 175720 8192
591 610012 32768
202 627500 32768
1393 386276 16384
592 176072 8192
999 498632 32768
203 387168 16384
1793 786692 32768
593 386992 16384
1394 600388 32768
204 175440 8192
1000 386592 16384
1794 386508 16384
594 387188 16384
595 290276 16384
205 630200 32768
1395 808508 32768
1001 785148 32768
1795 786636 32768
596 387180 16384
1396 341780 16384
206 775568 32768
597 387236 16384
1002 815556 32768
1796 716772 32768
1397 794032 32768
598 377064 16384
1003 383304 16384

201 387568 16384
801 387652 16384
401 577092 32768
1 630340 32768
202 290356 16384
601 807976 32768
402 626276 32768
802 743316 32768
203 585788 32768
2 743204 32768
602 608104 32768
403 387156 16384
404 291456 16384
603 383720 16384
803 815904 32768
204 794260 32768
3 813716 32768
804 630028 32768
4 386756 16384
604 812576 32768
405 818796 32768
406 176864 8192
205 808948 32768
805 290340 16384
5 387292 16384
6 246448 16384
206 387204 16384
605 630032 32768
407 623460 32768
806 629764 32768
408 386492 16384
207 742756 32768
7 795680 32768
606 814272 32768
807 629768 32768
208 630332 32768
409 812868 32768
607 621732 32768
8 743000 32768
808 810764 32768
608 387332 16384
410 585724 32768
209 625964 32768
9 743032 32768
411 386464 16384
809 629316 32768
210 384492 16384
810 289900 16384
10 387104 16384
609 824648 32768
412 627544 32768
211 626048 32768
811 814880 32768
11 791820 32768
610 817976 32768
212 730724 32768
413 810868 32768
213 383520 16384
812 629768 32768
414 386948 16384
12 774664 32768
611 743240 32768
214 811448 32768
813 826912 32768
415 811364 32768
13 739184 32768
612 824172 32768
613 257928 16384
416 621004 32768
14 625896 32768
215 793156 32768
814 806684 32768
15 617020 32768
614 806016 32768
216 620700 32768
417 743076 32768
815 743072 32768
217 386428 16384
16 620156 32768
418 533188 32768
615 630092 32768
816 385192 16384
218 290284 16384
17 366868 16384
616 387208 16384
817 387160 16384
219 630032 32768
419 795772 32768
818 386028 16384
617 722468 32768
18 808084 32768
220 629056 32768
420 619016 32768
819 630260 32768
820 385360 16384
221 610172 32768
19 808456 32768
618 811044 32768
821 175568 8192
421 742740 32768
822 386140 16384
619 765644 32768
422 627236 32768
20 795276 32768
222 810288 32768
21 290440 16384
620 381376 16384
823 786752 32768
423 624780 32768
22 387196 16384
23 173464 8192
824 385680 16384
223 812036 32768
621 629776 32768
24 387212 16384
825 384360 16384
224 384688 16384
424 786936 32768
826 387476 16384
225 386724 16384
622 794616 32768
425 387476 16384
25 771880 32768
827 387352 16384
226 387272 16384
26 246312 16384
426 520412 32768
828 332396 16384
27 385472 16384
623 813776 32768
227 807424 32768
427 626204 32768
28 375808 16384
829 813316 32768
624 626192 32768
228 387424 16384
830 387192 16384
428 628152 32768
29 795292 32768
229 630176 32768
625 794836 32768
230 342948 16384
429 787032 32768
831 795680 32768
30 741896 32768
31 341248 16384
626 809696 32768
430 628056 32768
32 177100 8192
231 814364 32768
832 807760 32768
431 387248 16384
33 629308 32768
833 384796 16384
627 791212 32768
232 742836 32768
432 806684 32768
233 387232 16384
34 739336 32768
628 620916 32768
834 743684 32768
433 386992 16384
629 387340 16384
234 629560 32768
835 615484 32768
434 378504 16384
630 288176 16384
35 795520 32768
435 378316 16384
235 628940 32768
36 533440 32768
836 743224 32768
436 387308 16384
631 742976 32768
437 342728 16384
37 480136 32768
236 742308 32768
837 626112 32768
632 609216 32768
237 383388 16384
838 383316 16384
38 739204 32768
633 584924 32768
438 810428 32768
238 382568 16384
839 383112 16384
840 132648 8192
39 577028 32768
239 387384 16384
841 386336 16384
634 743396 32768
439 795636 32768
635 383388 16384
40 739412 32768
440 386280 16384
240 742480 32768
636 376556 16384
842 793152 32768
241 386452 16384
41 627372 32768
637 387144 16384
441 810556 32768
843 627668 32768
242 741344 32768
42 623492 32768
844 387236 16384
638 743408 32768
442 771468 32768
845 385316 16384
243 630140 32768
639 385692 16384
43 782496 32768
244 609956 32768
846 743152 32768
443 812112 32768
640 775784 32768
44 628308 32768
245 810372 32768
847 742816 32768
444 786360 32768
848 176632 8192
45 806452 32768
641 813576 32768
849 386976 16384
642 365392 16384
445 734856 32768
246 810532 32768
46 722836 32768
643 383204 16384
850 606232 32768
47 341080 16384
644 382480 16384
446 627236 32768
247 616652 32768
48 387380 16384
851 620528 32768
248 533072 32768
645 630024 32768
447 629988 32768
249 386076 16384
646 378496 16384
448 386072 16384
49 809924 32768
852 810932 32768
250 339064 16384
853 343084 16384
50 387208 16384
647 627280 32768
449 628360 32768
251 625980 32768
51 585656 32768
854 809164 32768
450 741436 32768
648 781280 32768
52 489196 32768
252 814068 32768
53 386840 16384
451 623516 32768
855 738220 32768
649 805168 32768
253 620888 32768
54 385260 16384
650 387176 16384
254 386244 16384
856 609868 32768
452 819184 32768
55 742244 32768
857 630028 32768
651 743272 32768
255 814608 32768
858 333892 16384
453 740660 32768
56 806148 32768
256 387188 16384
652 629392 32768
454 628848 32768
859 743276 32768
257 526948 32768
57 723524 32768
653 742040 32768
455 629144 32768
860 628304 32768
258 629024 32768
654 386360 16384
456 385728 16384
58 628704 32768
259 386144 16384
861 814304 32768
655 743324 32768
457 709552 32768
59 741108 32768
260 628496 32768
862 387272 16384
60 386856 16384
261 378276 16384
458 722544 32768
656 743008 32768
262 367460 16384
61 529112 32768
459 373956 16384
863 807592 32768
657 629800 32768
62 621188 32768
263 807228 32768
460 626252 32768
658 387028 16384
864 630176 32768
63 387296 16384
865 177184 8192
659 286148 16384
461 608884 32768
64 387380 16384
866 386492 16384
264 814200 32768
660 813240 32768
65 620348 32768
462 812332 32768
265 630192 32768
867 786316 32768
66 385836 16384
661 734236 32768
868 387540 16384
266 630220 32768
67 533220 32768
662 386260 16384
463 794976 32768
267 387384 16384
869 818596 32768
464 609124 32768
68 812168 32768
268 653380 32768
663 804988 32768
870 630072 32768
465 584996 32768
269 387268 16384
871 176832 8192
664 741932 32768
69 817272 32768
466 630132 32768
270 629696 32768
872 619288 32768
467 290392 16384
665 609916 32768
873 367248 16384
70 780368 32768
271 755044 32768
468 795732 32768
874 742160 32768
272 387436 16384
666 805096 32768
469 381508 16384
71 815724 32768
273 387236 16384
667 381696 16384
875 736972 32768
470 810624 32768
876 386596 16384
72 812588 32768
668 743116 32768
274 810788 32768
877 338668 16384
73 386964 16384
669 620340 32768
471 734180 32768
275 620916 32768
878 795112 32768
74 813688 32768
472 609972 32768
670 628344 32768
276 609288 32768
879 386804 16384
75 620480 32768
880 387100 16384
277 628352 32768
473 742088 32768
671 795712 32768
474 246260 16384
76 810092 32768
881 811056 32768
278 806148 32768
475 630096 32768
672 808308 32768
882 382108 16384
77 387152 16384
279 384712 16384
476 387396 16384
673 382644 16384
280 377420 16384
78 618636 32768
674 386452 16384
281 386808 16384
883 806604 32768
477 794672 32768
282 286856 16384
478 375960 16384
79 742652 32768
283 387264 16384
675 827008 32768
884 734132 32768
80 387428 16384
885 384396 16384
81 386948 16384
479 785888 32768
284 789032 32768
676 743264 32768
480 383012 16384
677 387304 16384
82 610160 32768
886 810836 32768
285 795088 32768
481 627512 32768
678 629692 32768
887 626128 32768
286 380460 16384
83 741272 32768
482 629940 32768
287 374172 16384
679 743156 32768
888 810788 32768
84 790792 32768
680 387236 16384
483 774652 32768
288 781456 32768
889 364852 16384
681 338028 16384
890 177300 8192
289 291984 16384
484 383152 16384
85 806056 32768
891 630232 32768
682 734252 32768
290 812316 32768
892 341128 16384
485 813268 32768
86 810956 32768
893 386048 16384
683 815804 32768
486 742784 32768
291 794116 32768
87 808320 32768
487 373740 16384
894 813536 32768
684 737544 32768
488 288560 16384
88 367532 16384
895 341204 16384
292 737144 32768
685 376528 16384
686 385816 16384
896 628680 32768
89 784348 32768
489 810372 32768
293 817416 32768
90 175384 8192
294 176600 8192
295 341156 16384
687 811032 32768
897 742864 32768
490 808408 32768
91 810792 32768
688 581752 32768
296 620944 32768
491 386220 16384
92 386172 16384
898 811356 32768
297 367672 16384
899 175544 8192
689 791924 32768
900 384636 16384
492 795328 32768
93 815956 32768
298 814156 32768
901 382484 16384
690 583888 32768
902 386856 16384
493 810576 32768
94 734556 32768
299 629764 32768
691 607720 32768
494 387372 16384
95 386532 16384
300 383208 16384
692 383424 16384
903 808840 32768
693 387404 16384
495 629660 32768
96 630172 32768
301 743164 32768
97 372432 16384
904 809320 32768
694 630252 32768
302 386464 16384
496 734100 32768
98 343332 16384
695 387172 16384
303 381960 16384
99 365356 16384
905 629232 32768
304 387220 16384
497 811680 32768
696 742920 32768
906 630056 32768
100 742860 32768
305 629212 32768
101 378332 16384
498 789944 32768
697 809232 32768
907 784776 32768
306 826048 32768
499 585348 32768
102 807848 32768
698 734204 32768
500 381208 16384
908 743136 32768
699 177096 8192
501 176384 8192
103 620924 32768
307 795188 32768
909 387088 16384
104 290460 16384
700 628864 32768
910 386420 16384
105 381704 16384
502 814452 32768
308 626176 32768
701 387272 16384
106 387188 16384
702 387048 16384
911 698616 32768
107 386960 16384
309 805692 32768
503 810516 32768
703 386408 16384
912 387316 16384
310 387008 16384
504 387208 16384
108 813112 32768
704 723420 32768
913 818156 32768
311 815932 32768
505 810856 32768
705 583940 32768
109 810732 32768
506 378724 16384
914 810288 32768
110 383284 16384
706 734280 32768
312 814292 32768
507 629368 32768
915 627740 32768
916 177264 8192
111 661744 32768
707 610184 32768
508 387244 16384
313 809204 32768
917 377844 16384
112 626412 32768
314 333792 16384
708 626152 32768
509 620840 32768
315 289216 16384
918 741372 32768
709 629296 32768
510 629292 32768
113 786532 32768
919 342976 16384
511 385944 16384
316 810964 32768
710 625920 32768
114 621012 32768
920 624600 32768
512 382936 16384
317 378204 16384
711 386300 16384
513 367184 16384
921 377996 16384
922 382668 16384
115 815108 32768
318 806952 32768
712 806456 32768
923 380012 16384
514 743004 32768
319 628772 32768
924 387056 16384
116 795212 32768
515 629464 32768
713 739596 32768
925 387420 16384
117 366932 16384
320 628336 32768
714 583956 32768
516 811868 32768
118 630172 32768
715 386704 16384
321 619868 32768
926 809964 32768
119 341540 16384
716 367008 16384
517 812468 32768
717 386696 16384
120 630076 32768
927 809732 32768
322 818292 32768
323 383292 16384
718 689944 32768
928 628904 32768
518 775912 32768
324 387368 16384
121 810976 32768
719 629248 32768
122 343156 16384
929 774576 32768
519 789584 32768
325 742380 32768
326 177104 8192
720 629056 32768
930 383020 16384
123 723292 32768
124 177336 8192
721 386060 16384
520 784392 32768
931 610040 32768
327 769888 32768
932 377700 16384
521 609892 32768
933 164192 8192
125 815132 32768
722 809236 32768
522 341180 16384
723 363316 16384
934 531844 32768
328 813252 32768
126 775868 32768
523 810632 32768
724 737220 32768
329 813020 32768
935 810196 32768
127 629872 32768
936 342820 16384
725 624184 32768
128 386208 16384
524 806424 32768
330 806644 32768
937 742260 32768
129 629504 32768
726 743352 32768
331 627032 32768
525 812904 32768
130 585708 32768
938 628348 32768
526 381204 16384
727 743268 32768
939 533412 32768
332 733356 32768
728 342936 16384
131 734204 32768
729 286960 16384
333 387352 16384
527 795444 32768
940 810680 32768
132 742208 32768
730 625680 32768
941 177268 8192
334 629176 32768
528 795112 32768
133 385404 16384
731 521884 32768
529 384864 16384
335 771256 32768
942 816252 32768
134 619224 32768
732 630148 32768
530 387244 16384
943 387236 16384
336 629836 32768
733 625876 32768
135 810904 32768
531 743364 32768
944 814772 32768
136 383368 16384
337 807952 32768
734 629548 32768
532 628212 32768
137 387344 16384
945 763384 32768
138 387144 16384
338 723504 32768
735 733668 32768
533 620996 32768
139 386728 16384
946 697016 32768
339 621088 32768
534 609600 32768
736 696724 32768
140 387104 16384
340 378200 16384
947 743336 32768
141 629976 32768
341 386596 16384
535 786960 32768
737 742968 32768
948 363040 16384
142 387168 16384
738 629128 32768
342 810980 32768
536 795924 32768
949 772932 32768
739 387000 16384
143 809240 32768
537 383216 16384
950 378564 16384
740 365388 16384
343 739772 32768
144 383580 16384
538 387360 16384
741 338444 16384
344 383232 16384
145 387484 16384
951 796092 32768
539 738296 32768
742 807600 32768
952 386544 16384
743 176560 8192
345 742388 32768
146 808620 32768
540 609480 32768
953 377820 16384
147 366512 16384
541 385604 16384
346 721616 32768
744 810956 32768
954 742916 32768
542 386388 16384
148 628276 32768
347 366456 16384
348 387240 16384
745 791408 32768
349 367112 16384
955 793484 32768
543 786708 32768
149 795352 32768
956 367068 16384
544 357824 16384
350 387356 16384
150 365452 16384
746 629460 32768
545 373644 16384
351 367376 16384
957 387348 16384
747 378212 16384
546 290564 16384
151 627432 32768
748 384460 16384
352 795788 32768
958 786724 32768
547 620856 32768
152 620052 32768
353 386472 16384
749 743476 32768
153 630212 32768
354 384680 16384
750 377476 16384
548 795884 32768
959 815236 32768
355 386564 16384
751 380680 16384
154 743376 32768
356 387400 16384
752 385520 16384
549 734048 32768
960 806892 32768
155 382260 16384
550 386264 16384
156 368824 16384
753 623844 32768
961 629228 32768
357 794928 32768
754 383376 16384
551 622624 32768
962 290384 16384
358 342088 16384
157 722604 32768
755 386452 16384
552 629828 32768
963 771844 32768
359 741620 32768
158 629976 32768
756 626188 32768
553 619128 32768
360 606252 32768
554 383060 16384
757 629640 32768
964 805816 32768
159 765984 32768
758 386552 16384
160 386432 16384
361 740896 32768
965 630084 32768
555 742148 32768
161 387452 16384
759 623336 32768
966 387212 16384
362 742812 32768
556 626084 32768
557 176776 8192
760 629256 32768
967 678712 32768
363 385612 16384
162 814956 32768
761 384620 16384
558 722860 32768
364 625756 32768
163 629832 32768
968 811564 32768
762 629524 32768
365 386256 16384
164 625324 32768
763 383400 16384
559 806640 32768
165 343116 16384
969 808652 32768
764 387124 16384
366 786832 32768
560 615384 32768
970 387124 16384
561 177192 8192
166 806852 32768
367 625848 32768
765 817304 32768
971 628796 32768
368 383208 16384
562 742112 32768
766 378540 16384
167 609860 32768
168 177300 8192
767 387164 16384
563 629676 32768
972 811132 32768
369 794512 32768
169 629736 32768
973 386504 16384
370 384940 16384
564 624508 32768
768 741508 32768
170 792976 32768
371 609872 32768
974 743140 32768
565 629840 32768
769 788856 32768
171 385904 16384
372 387140 16384
566 383212 16384
770 380968 16384
975 785340 32768
172 610088 32768
567 628424 32768
173 386512 16384
373 812560 32768
568 387024 16384
771 796092 32768
976 770660 32768
174 630300 32768
374 771744 32768
569 618904 32768
772 628328 32768
977 742624 32768
375 386740 16384
175 597160 32768
376 176268 8192
978 387356 16384
773 786228 32768
570 810856 32768
377 384768 16384
176 609876 32768
979 621016 32768
177 367112 16384
378 630224 32768
571 734236 32768
774 795320 32768
379 378356 16384
178 630180 32768
572 533156 32768
980 814476 32768
981 290696 16384
775 742440 32768
179 626332 32768
573 629608 32768
380 793308 32768
574 288420 16384
180 629944 32768
982 811592 32768
776 809144 32768
575 387188 16384
381 742996 32768
983 625964 32768
181 794968 32768
984 290720 16384
777 814768 32768
576 739560 32768
382 742992 32768
182 374268 16384
577 289696 16384
183 176444 8192
778 629404 32768
985 732620 32768
383 699056 32768
779 366580 16384
578 815068 32768
384 385544 16384
184 817740 32768
986 696976 32768
579 387360 16384
385 383308 16384
987 366924 16384
780 804744 32768
386 387280 16384
185 739396 32768
580 795472 32768
781 623516 32768
988 742272 32768
387 743288 32768
186 764320 32768
989 531100 32768
581 794344 32768
388 385788 16384
187 386664 16384
782 812556 32768
990 621368 32768
991 177208 8192
389 623516 32768
188 698940 32768
582 754176 32768
783 795200 32768
583 385688 16384
390 627656 32768
784 387340 16384
992 740428 32768
189 722656 32768
584 386228 16384
993 385604 16384
391 737644 32768
190 623296 32768
785 743108 32768
994 378440 16384
585 629524 32768
191 386580 16384
995 385464 16384
586 387428 16384
392 620808 32768
786 677256 32768
587 387380 16384
393 383580 16384
996 743172 32768
192 819036 32768
588 378368 16384
997 339508 16384
787 806912 32768
394 807000 32768
589 583432 32768
998 511076 32768
193 830156 32768
788 741792 32768
590 628508 32768
194 386092 16384
395 805796 32768
789 377440 16384
591 375444 16384
999 817508 32768
195 342000 16384
196 387352 16384
790 630032 32768
396 790264 32768
1000 620820 32768
592 742484 32768
197 386444 16384
397 387280 16384
791 795756 32768
198 620896 32768
593 722432 32768
792 366484 16384
398 722416 32768
199 585884 32768
594 628888 32768
793 626032 32768
399 736620 32768
595 387216 16384
200 817324 32768
596 383404 16384
794 630164 32768
400 628652 32768
597 383384 16384
795 790028 32768
598 808476 32768
599 533152 32768
796 815180 32768
797 366524 16384
600 386864 16384
798 286624 16384
799 742488 32768
800 630144 32768
